#Page-6
#FOLDER=TT-6
#このページのメインのmp3は#FOLDER=で指定したmp3ファイルです。このmp3がページ全体の朗読に使用されます。
#以下の0:で始まる文はこのページのメインのmp3がない場合にTTSで読み上げられます。

0:このページは点字で表現されたイメージです。
0:1783年8月、浅間山が大噴火し、関東平野の多くの村で、作物が全滅し、飢饉が起きた" 

::target=008 title="マンガ、塙保己一から" shape=rect coords=56,76,341,120
::target=009 title="1783年8月、浅間山が大噴火し、関東平野の多くの村で作物が全滅し飢饉がおきた" shape=rect coords=59,141,678,237

::target=010 title="浅間山。上のほうが火口の外輪。下に向かい幾つかの尾根と谷筋がある。溶岩は谷筋に沿って流れた。" shape=poly coords=186,513,222,493,252,473,274,455,283,454,287,458,295,454,302,452,308,456,311,461,317,459,323,460,326,459,333,457,342,461,344,462,348,460,356,461,360,462,362,460,369,460,374,461,391,472,404,486,416,496,430,510,443,520,452,528,466,538,444,544,415,552,411,552,412,552,411,552,370,555,365,555,326,554,280,552,277,551,278,552,276,552,222,547,195,535,168,524,186,513
::target=012 title="噴火の火柱" shape=poly coords=290,293,291,322,301,321,305,323,315,319,327,319,332,323,343,327,347,330,355,325,363,327,367,323,372,322,377,323,379,317,379,317,381,296,368,297,354,291,352,289,343,296,328,299,312,295,304,289,300,286,296,293,290,293
::target=013 title="飛び散る溶岩" shape=poly coords=170,404,169,403,168,398,167,397,159,395,154,399,154,400,152,401,152,402,153,410,158,413,169,413,170,404
::target=013 title="飛び散る溶岩" shape=poly coords=156,444,152,443,150,438,146,437,133,438,126,441,125,450,132,456,150,458,156,444
::target=013 title="飛び散る溶岩" shape=poly coords=350,428,346,427,350,422,347,421,340,421,334,424,333,431,339,437,347,434,350,428
::target=013 title="飛び散る溶岩" shape=poly coords=480,408,476,407,479,404,475,403,469,405,465,406,462,415,468,422,479,420,480,408
::target=013 title="飛び散る溶岩" shape=poly coords=530,372,526,370,531,366,527,365,520,364,515,367,515,374,519,378,527,378,530,372
::target=013 title="飛び散る溶岩" shape=poly coords=211,485,210,484,211,482,210,481,203,477,197,482,199,489,203,493,209,491,211,485
::target=011 title="火口から勢いよく噴出する火柱。上のほうでは煙となって広がっている。" shape=poly coords=287,451,287,411,289,380,300,381,308,376,312,379,317,379,318,376,327,381,335,381,341,378,347,370,357,373,366,371,374,365,377,358,373,455,367,454,361,455,353,452,346,455,343,455,338,452,329,452,327,455,320,452,312,453,306,450,299,449,287,451
::target=014 title="高温の溶岩が飛び散るときに残した煙の筋" shape=poly coords=229,388,203,389,196,398,183,403,181,406,180,407,181,410,186,416,191,415,192,413,196,411,202,409,207,406,206,406,211,403,213,403,213,400,215,399,223,399,226,399,230,395,233,395,236,399,253,404,263,409,266,412,268,415,271,418,284,428,285,428,283,423,281,420,279,417,273,413,271,410,269,409,267,404,265,403,254,399,241,390,234,386,221,391,213,388,214,388,231,388,229,388
::target=014 title="高温の溶岩が飛び散るときに残した煙の筋" shape=poly coords=283,440,273,429,270,429,267,426,264,425,255,426,247,429,243,431,243,426,239,429,231,430,223,433,216,431,209,432,206,438,197,438,190,442,186,448,180,450,171,448,166,453,164,461,164,468,165,469,167,470,169,470,170,471,172,471,173,471,178,465,179,464,180,463,181,463,185,461,192,455,193,454,194,451,195,450,201,447,203,446,205,447,207,446,214,441,220,438,223,440,226,439,228,439,238,435,241,434,241,436,246,435,252,434,255,434,259,431,261,432,265,431,267,431,270,434,275,436,277,438,283,440
::target=014 title="高温の溶岩が飛び散るときに残した煙の筋" shape=poly coords=382,455,383,453,378,450,379,448,388,444,401,441,416,440,424,440,431,442,437,445,437,451,433,454,428,453,419,450,411,448,403,448,398,451,391,451,382,455
::target=014 title="高温の溶岩が飛び散るときに残した煙の筋" shape=poly coords=375,402,380,385,387,372,398,361,416,351,430,343,442,344,455,342,464,348,475,350,487,357,496,358,505,367,509,381,500,386,490,382,485,371,476,361,468,360,457,357,450,357,444,357,433,357,421,363,412,366,404,369,398,380,389,386,386,396,375,402
::target=014 title="高温の溶岩が飛び散るときに残した煙の筋" shape=poly coords=376,434,385,415,400,399,402,396,407,396,410,393,416,383,426,372,447,370,455,373,468,375,479,379,482,391,476,397,469,391,463,389,455,387,452,386,440,386,433,386,424,394,422,397,421,402,418,405,407,411,406,413,403,410,401,412,394,421,390,430,380,439,376,434
::target=024 title="農家が2軒" shape=poly coords=55,599,105,604,129,607,136,634,159,616,209,620,233,626,238,641,256,668,260,680,205,678,174,677,128,674,75,672,55,672,55,599
::target=025 title="農夫の顔。噴火を見て驚き、口をあけている。頭には丁髷を結っている。眉の線,丸い目,鼻,大きく開けた口,その右に,耳が描かれている" shape=poly coords=504,568,479,553,488,524,477,500,459,488,458,475,474,463,487,448,498,422,523,405,550,409,560,418,568,412,584,424,578,438,589,456,577,464,576,482,564,507,550,515,549,536,544,559,504,568
::target=026 title="農夫が肩に担いでいる鍬" shape=poly coords=549,538,577,528,573,502,626,484,644,508,648,552,648,593,638,609,601,613,593,557,590,549,564,556,549,538
::target=027 title="鍬のえを持つ農夫の右手" shape=poly coords=447,608,442,601,438,591,436,575,446,566,468,563,478,572,478,585,479,593,474,601,462,604,447,608
::target=028 title="指を開いた農夫の左手" shape=poly coords=544,648,538,643,526,648,508,654,499,647,496,634,496,621,498,611,506,605,506,591,516,590,527,594,532,584,542,587,552,607,558,615,552,639,544,648
::target=029 title="浅間山の裾の先に見える遠くの山" shape=poly coords=56,513,76,505,100,520,134,536,140,544,112,558,88,566,64,573,57,575,56,513
::target=030 title="村のはずれに見える樹木の連なり" shape=poly coords=370,674,364,644,347,632,328,628,316,608,292,608,272,612,256,609,248,598,243,592,227,586,216,577,203,572,181,571,171,573,161,576,155,568,144,569,132,563,126,559,111,558,98,565,88,568,80,566,74,578,92,588,122,576,142,589,168,595,193,585,207,601,235,607,241,613,252,628,271,633,296,636,316,633,323,647,344,647,347,662,352,671,370,674
::target=031 title="爆発で吹き上げられた噴煙と、そこから落ちてくる溶岩からでる煙" shape=poly coords=60,264,70,283,73,313,79,344,71,364,81,397,86,408,77,424,75,453,96,456,99,423,108,389,132,352,143,332,159,332,186,342,221,345,241,356,264,370,276,372,290,372,319,373,347,372,370,363,380,352,408,343,428,332,460,334,491,338,512,335,532,344,557,355,571,370,588,378,597,389,610,413,621,412,613,392,615,382,609,366,610,376,608,359,609,358,620,374,625,381,630,387,626,403,629,406,632,409,640,404,641,401,640,382,632,352,624,318,622,296,631,279,661,269,658,253,620,263,594,263,563,252,528,250,500,259,453,259,427,275,392,269,346,266,289,271,254,275,223,257,203,267,155,268,119,261,92,247,72,251,60,264
::target=032 title="飛び散る溶岩" shape=poly coords=355,309,351,308,356,304,351,303,344,301,340,304,339,311,344,316,351,315,355,309
::target=033 title="飛び散る溶岩" shape=poly coords=317,387,313,386,318,380,313,379,305,379,300,382,299,392,304,398,315,398,317,387
::target=034 title="農夫のひだり腕" shape=poly coords=556,564,556,561,559,558,563,558,588,558,592,558,595,561,595,564,595,660,595,664,592,667,588,667,563,667,559,667,556,664,556,660,556,564
::target=035 title="農夫の着物の襟" shape=poly coords=485,569,485,566,487,564,489,564,560,564,563,564,565,566,565,569,565,586,565,588,563,590,560,590,489,590,487,590,485,588,485,586,485,569
::target=036 title="農夫のみぎ腕" shape=poly coords=448,646,446,645,446,642,447,640,471,608,472,606,475,605,477,607,492,617,494,619,494,621,493,623,469,656,467,658,465,658,463,657,448,646
