#FOLDER=II-8
::target=011 title="１．１．4、　代数系：　耳慣れない言葉と記号：まとめ" shape=rect coords=22,32,679,80
::target=012 title="あみだくじ、たてせん、１．" shape=poly coords=528,963,532,743,547,746,547,971,528,963
::target=013 title="あみだくじ、たてせん、２．" shape=poly coords=587,966,590,746,606,748,606,974,587,966
::target=014 title="あみだくじ、たてせん、３．" shape=poly coords=646,964,650,744,665,746,665,971,646,964
::target=015 title="たてせん１と、２を、つなぐ、よこぼう、すなわち、１と、２の、ちかん。" shape=poly coords=524,820,605,820,605,842,524,842,524,820
::target=016 title="たてせん１と、3を、つなぐ、よこぼう、すなわち、１と、３の、ちかん。よこぼうは、たてせん、２を、またいでいることに、ちゅうい。" shape=poly coords=531,904,664,904,664,923,531,923,531,904
::target=017 title="選択、A。" shape=poly coords=515,704,515,701,517,699,520,699,542,699,545,699,547,701,547,704,547,740,547,743,545,746,542,746,520,746,517,746,515,743,515,740,515,704
::target=018 title="選択、B。" shape=poly coords=575,705,575,702,577,700,580,700,602,700,605,700,607,702,607,705,607,741,607,744,605,747,602,747,580,747,577,747,575,744,575,741,575,705
::target=019 title="選択、C。" shape=poly coords=644,704,644,701,646,699,649,699,671,699,674,699,677,701,677,704,677,740,677,743,674,746,671,746,649,746,646,746,644,743,644,740,644,704
::target=020 title="あたり、まる。" shape=poly coords=519,966,519,963,522,961,525,961,546,961,549,961,552,963,552,966,552,1002,552,1005,549,1008,546,1008,525,1008,522,1008,519,1005,519,1002,519,966
::target=021 title="はずれ、バツ。" shape=poly coords=584,967,584,964,586,961,589,961,611,961,614,961,616,964,616,967,616,1003,616,1006,614,1008,611,1008,589,1008,586,1008,584,1006,584,1003,584,967
::target=022 title="はずれ、バツ。" shape=poly coords=647,967,647,964,650,962,653,962,674,962,677,962,680,964,680,967,680,1004,680,1007,677,1009,674,1009,653,1009,650,1009,647,1007,647,1004,647,967
::target=010 title="ちかん、をせつめいするための、あみだくじの、図。" shape=poly coords=500,732,500,714,515,699,533,699,666,699,685,699,700,714,700,732,700,981,700,999,685,1014,666,1014,533,1014,515,1014,500,999,500,981,500,732
