#Page 3
#FOLDER=TT-3
#このページのメインのmp3は#FOLDER=で指定したmp3ファイルです。このmp3がページ全体の朗読に使用されます。
#以下の0:で始まる文はこのページのメインのmp3がない場合にTTSで読み上げられます。

0:まんが、塙保己一からの抜粋です。主な登場人物を説明しています。
0:各、パーツをタップするとその説明が読み上げられます。

::target=HH-3,0,1000     title="Page4"             shape=rect coords=36,45,196,120
::target=HH-3,2300,4500  title="主な登場人物２"      shape=rect coords=254,52,384,122
::target=HH-3,4500,8000  title="右、龍清寺お和尚さん" shape=rect coords=77,206,245,281
::target=HH-3,8000,11500 title="下、雨富検校"      shape=rect coords=73,363,292,401
::target=HH-3,11500,18000 title="下、検校になった塙保己一" shape=rect coords=383,551,659,625

::target=010  title="剃り上げた頭" shape=poly coords=369,223,390,229,391,169,440,127,508,119,588,125,620,145,634,174,630,216,629,226,642,224,652,179,632,131,584,110,531,104,468,102,423,110,380,147,373,186,369,223
::target=011  title="左耳" shape=poly coords=616,268,622,253,632,217,642,217,653,216,679,239,679,266,679,293,655,308,642,315,630,323,612,320,606,312,600,303,610,284,616,268
::target=012  title="右耳" shape=poly coords=400,272,394,256,384,220,374,220,363,220,337,242,337,269,337,296,362,311,374,318,386,326,404,323,410,315,416,306,406,287,400,272
::target=013  title="右の眉" shape=poly coords=436,216,426,223,404,238,400,235,397,232,402,213,417,198,431,184,446,184,454,183,462,183,465,190,463,196,460,203,447,210,436,216
::target=014  title="左の眉" shape=poly coords=575,214,586,220,608,236,611,233,614,230,610,210,595,196,580,182,565,181,557,181,550,181,546,188,549,194,551,200,565,207,575,214
::target=015  title="大きく開いた右目" shape=poly coords=461,275,451,274,426,267,425,261,424,254,433,238,454,235,474,232,484,239,489,244,495,249,494,259,489,264,483,269,472,276,461,275
::target=016  title="大きく開いた左目" shape=poly coords=534,274,545,274,569,268,571,262,572,255,564,238,543,234,523,230,513,237,507,242,501,246,502,257,507,262,513,267,523,274,534,274
::target=017  title="鼻" shape=poly coords=469,294,471,286,482,268,490,267,499,266,517,274,518,290,519,305,510,312,503,316,496,321,484,320,478,315,473,311,467,302,469,294
::target=018  title="閉じた口" shape=poly coords=497,342,516,341,559,335,560,331,560,327,539,319,500,319,462,319,447,324,437,327,428,330,432,336,444,339,456,341,478,344,497,342
::target=019  title="顎の輪郭" shape=poly coords=619,324,599,319,582,348,560,377,516,389,472,389,434,379,412,335,404,319,392,325,410,368,444,401,493,408,547,401,587,374,612,336,619,324
::target=020  title="着物の右側" shape=poly coords=360,432,407,414,447,396,472,453,474,465,368,462,358,460,360,432
::target=021  title="着物の左側と袈裟の紐" shape=poly coords=649,425,604,402,564,384,538,441,535,460,644,460,688,457,649,425
::target=022  title="燕尾帽の頭の部分" shape=poly coords=120,428,104,503,158,488,256,500,310,520,303,464,250,433,215,419,204,419,169,423,120,428
::target=023  title="燕尾帽の右の垂れ部分" shape=poly coords=110,503,46,635,76,640,52,690,104,700,145,686,113,667,105,630,87,604,102,561,110,503
::target=024  title="燕尾帽の左の垂れ部分" shape=poly coords=248,503,254,515,302,519,308,531,318,624,328,679,345,711,334,712,323,723,312,724,272,723,266,722,260,713,253,712,228,713,238,689,191,695,233,626,233,619,210,631,210,624,236,571,248,503
::target=025  title="右の眉" shape=poly coords=137,511,128,513,106,517,106,516,105,514,117,507,133,503,149,498,159,500,164,500,169,501,168,504,163,506,158,508,147,510,137,511
::target=026  title="左の眉" shape=poly coords=219,513,228,516,249,523,250,521,250,520,239,511,224,505,209,498,199,498,194,498,189,498,190,501,194,504,198,507,210,510,219,513
::target=027  title="閉じた右目" shape=poly coords=141,557,133,556,113,546,113,544,112,541,123,544,139,542,154,539,159,534,163,535,167,537,167,547,162,550,158,553,149,558,141,557
::target=028  title="閉じた左目" shape=poly coords=215,553,223,551,242,541,243,539,243,536,233,539,217,538,201,536,196,531,192,533,188,534,189,544,194,547,198,549,207,554,215,553
::target=029  title="鼻" shape=poly coords=149,584,151,576,162,558,170,557,178,556,197,564,198,580,199,595,190,602,183,606,176,611,163,610,158,605,153,601,147,592,149,584
::target=030  title="開いた口" shape=poly coords=173,647,185,647,211,641,212,636,213,631,201,618,178,617,155,615,145,621,139,624,133,628,135,636,142,640,149,643,162,648,173,647
::target=031  title="顔の輪郭" shape=poly coords=186,695,193,677,149,676,130,664,119,638,122,619,114,603,108,585,117,564,108,562,91,595,110,620,113,660,132,680,164,691,186,695
::target=032  title="羽織の右側。着物が少し見えている" shape=poly coords=49,715,99,698,143,679,171,737,173,749,57,746,46,744,49,715
::target=033  title="羽織の左側。着物が少し見えている" shape=poly coords=301,753,284,724,240,706,219,753,301,753
::target=034  title="燕尾帽の頭の部分" shape=poly coords=411,670,408,681,399,690,396,701,391,740,441,740,539,735,599,746,595,697,588,690,588,680,581,674,555,655,497,645,474,649,451,650,411,670
::target=035  title="燕尾帽の右の垂れ部分" shape=poly coords=517,742,522,753,589,743,595,754,635,838,671,890,701,924,690,925,620,942,609,943,608,906,601,905,574,907,568,906,537,904,546,830,546,822,515,830,514,823,518,798,517,742
::target=036  title="燕尾帽の左の垂れ部分" shape=poly coords=401,727,348,827,369,839,347,878,393,868,383,845,371,823,382,785,397,784,401,727
::target=037  title="右の眉" shape=poly coords=425,768,418,768,401,770,401,768,400,766,409,759,421,756,433,753,441,756,445,758,449,759,448,763,445,765,441,767,432,767,425,768
::target=038  title="左の眉" shape=poly coords=493,769,501,768,518,768,518,765,519,763,509,756,495,755,482,754,475,759,471,761,467,763,468,767,472,769,476,771,485,769,493,769
::target=039  title="閉じた右目" shape=poly coords=436,812,428,811,411,802,410,800,410,798,420,800,434,798,448,796,452,791,456,792,459,794,459,803,455,806,451,809,443,813,436,812
::target=040  title="閉じた左目" shape=poly coords=494,810,501,809,519,799,519,797,519,794,510,797,495,796,480,794,476,790,472,791,468,793,469,802,474,805,478,807,486,811,494,810
::target=041  title="鼻" shape=poly coords=442,832,443,826,453,813,460,812,467,812,482,817,483,829,484,840,476,845,470,848,465,851,454,851,450,848,445,844,440,838,442,832
::target=042  title="開いた口" shape=poly coords=464,883,473,882,496,875,496,870,497,865,487,853,467,852,448,851,440,857,435,861,430,865,432,873,437,876,443,880,454,884,464,883
::target=043  title="顔の輪郭" shape=poly coords=499,903,503,900,515,894,521,888,528,882,539,866,537,865,527,871,521,879,511,885,493,895,483,900,485,898,481,899,478,900,474,904,469,905,465,906,459,900,454,901,437,892,433,892,420,883,416,883,403,869,395,853,396,824,399,801,399,777,404,745,397,746,394,781,389,824,392,834,386,843,389,853,396,872,416,892,423,891,434,903,441,902,464,913,471,911,478,912,485,910,499,903
::target=044  title="羽織の右側" shape=poly coords=346,883,387,871,424,896,415,952,417,983,351,985,345,953,346,930,346,906,346,883
::target=045  title="羽織の左側" shape=poly coords=589,912,543,905,531,939,520,984,583,985,583,962,589,936,589,912
::target=046  title="着物の襟" shape=poly coords=430,982,422,940,428,902,452,911,460,948,500,913,521,897,539,912,509,962,498,984,430,982
::target=047  title="右耳" shape=poly coords=375,806,375,789,379,776,383,776,388,776,392,789,392,806,392,822,388,836,383,836,379,836,375,822,375,806

