#Page 9
#FOLDER=TT-9
#このページのメインのmp3は#FOLDER=で指定したmp3ファイルです。このmp3がページ全体の朗読に使用されます。
#以下の0:で始まる文はこのページのメインのmp3がない場合にTTSで読み上げられます。

0:"このページでは、いろいろな多角形の頂点の説明をしています"

::target=010 title="下の６つの図形は正多角形豊美、英語で、Regular　Polygons　と言う" shape=rect coords=170,130,580,170
::target=018 title="頂点" shape=poly coords=158,198,158,196,159,194,161,194,163,194,165,196,165,198,165,200,163,201,161,201,159,201,158,200,158,198
::target=019 title="頂点" shape=poly coords=98,305,98,303,100,302,102,302,104,302,105,303,105,305,105,307,104,309,102,309,100,309,98,307,98,305
::target=020 title="頂点" shape=poly coords=224,305,224,303,225,302,227,302,229,302,231,303,231,305,231,307,229,309,227,309,225,309,224,307,224,305
::target=021 title="頂点" shape=poly coords=300,202,300,200,302,199,304,199,306,199,307,200,307,202,307,204,306,206,304,206,302,206,300,204,300,202
::target=022 title="頂点" shape=poly coords=503,306,503,304,504,302,506,302,508,302,510,304,510,306,510,308,508,309,506,309,504,309,503,308,503,306
::target=023 title="頂点" shape=poly coords=480,223,480,221,482,220,484,220,486,220,487,221,487,223,487,225,486,227,484,227,482,227,480,225,480,223
::target=024 title="頂点" shape=poly coords=589,306,589,304,591,303,593,303,595,303,596,304,596,306,596,308,595,310,593,310,591,310,589,308,589,306
::target=025 title="頂点" shape=poly coords=549,481,549,479,551,477,553,477,555,477,557,479,557,481,557,483,555,484,553,484,551,484,549,483,549,481
::target=026 title="頂点" shape=poly coords=606,463,606,461,608,459,610,459,612,459,613,461,613,463,613,465,612,467,610,467,608,467,606,465,606,463
::target=027 title="頂点" shape=poly coords=501,463,501,461,502,460,504,460,506,460,508,461,508,463,508,465,506,467,504,467,502,467,501,465,501,463
::target=028 title="頂点" shape=poly coords=480,408,480,406,482,405,484,405,486,405,487,406,487,408,487,410,486,412,484,412,482,412,480,410,480,408
::target=029 title="頂点" shape=poly coords=503,358,503,356,504,354,506,354,508,354,510,356,510,358,510,360,508,361,506,361,504,361,503,360,503,358
::target=030 title="頂点" shape=poly coords=626,407,626,405,627,404,629,404,631,404,633,405,633,407,633,409,631,411,629,411,627,411,626,409,626,407
::target=031 title="頂点" shape=poly coords=604,358,604,356,606,354,608,354,610,354,611,356,611,358,611,360,610,361,608,361,606,361,604,360,604,358
::target=032 title="頂点" shape=poly coords=553,337,553,335,554,334,556,334,558,334,560,335,560,337,560,339,558,341,556,341,554,341,553,339,553,337
::target=033 title="頂点" shape=poly coords=619,221,619,219,620,218,622,218,624,218,626,219,626,221,626,223,624,225,622,225,620,225,619,223,619,221
::target=034 title="頂点" shape=poly coords=546,174,546,172,547,170,549,170,551,170,553,172,553,174,553,176,551,177,549,177,547,177,546,176,546,174
::target=035 title="頂点" shape=poly coords=284,430,284,428,285,426,287,426,289,426,291,428,291,430,291,432,289,433,287,433,285,433,284,432,284,430
::target=036 title="頂点" shape=poly coords=300,365,300,363,301,361,303,361,305,361,307,363,307,365,307,367,305,368,303,368,301,368,300,367,300,365
::target=037 title="頂点" shape=poly coords=426,425,426,423,427,421,429,421,431,421,433,423,433,425,433,427,431,428,429,428,427,428,426,427,426,425
::target=038 title="頂点" shape=poly coords=411,366,411,364,413,363,415,363,417,363,418,364,418,366,418,368,417,370,415,370,413,370,411,368,411,366
::target=039 title="頂点" shape=poly coords=355,341,355,339,357,337,359,337,361,337,362,339,362,341,362,343,361,344,359,344,357,344,355,343,355,341
::target=040 title="頂点" shape=poly coords=302,305,302,303,303,302,305,302,307,302,309,303,309,305,309,307,307,309,305,309,303,309,302,307,302,305
::target=041 title="頂点" shape=poly coords=405,304,405,302,406,300,408,300,410,300,412,302,412,304,412,306,410,308,408,308,406,308,405,306,405,304
::target=042 title="頂点" shape=poly coords=403,202,403,200,405,199,407,199,409,199,410,200,410,202,410,204,409,206,407,206,405,206,403,204,403,202
::target=043 title="頂点" shape=poly coords=223,444,223,442,225,440,227,440,229,440,230,442,230,444,230,446,229,448,227,448,225,448,223,446,223,444
::target=044 title="頂点" shape=poly coords=224,372,224,370,225,368,227,368,229,368,231,370,231,372,231,374,229,376,227,376,225,376,224,374,224,372
::target=045 title="頂点" shape=poly coords=160,337,160,335,162,333,163,333,165,333,167,335,167,337,167,339,165,340,163,340,162,340,160,339,160,337
::target=046 title="頂点" shape=poly coords=321,480,321,478,322,476,324,476,326,476,328,478,328,480,328,482,326,483,324,483,322,483,321,482,321,480
::target=047 title="頂点" shape=poly coords=386,481,386,479,388,478,390,478,392,478,394,479,394,481,394,483,392,485,390,485,388,485,386,483,386,481
::target=048 title="頂点" shape=poly coords=98,444,98,442,99,440,101,440,103,440,105,442,105,444,105,446,103,448,101,448,99,448,98,446,98,444
::target=049 title="頂点" shape=poly coords=163,481,163,479,165,478,167,478,169,478,170,479,170,481,170,483,169,485,167,485,165,485,163,483,163,481
::target=050 title="頂点" shape=poly coords=98,368,98,366,100,365,102,365,104,365,105,366,105,368,105,370,104,372,102,372,100,372,98,370,98,368
::target=057 title="頂点を示すしるし" shape=poly coords=72,181,72,179,74,178,76,178,78,178,79,179,79,181,79,183,78,185,76,185,74,185,72,183,72,181
::target=058 title="頂点" shape=rect coords=146,39,175,89
::target=060 title="頂点" shape=poly coords=505,721,505,719,507,717,509,717,511,717,512,719,512,721,512,723,511,724,509,724,507,724,505,723,505,721
::target=061 title="頂点" shape=poly coords=639,691,639,689,641,688,643,688,644,688,646,689,646,691,646,693,644,695,643,695,641,695,639,693,639,691
::target=062 title="頂点" shape=poly coords=504,603,504,601,506,600,508,600,510,600,511,601,511,603,511,605,510,607,508,607,506,607,504,605,504,603
::target=065 title="頂点" shape=poly coords=310,732,310,730,312,729,314,729,316,729,318,730,318,732,318,734,316,736,314,736,312,736,310,734,310,732
::target=066 title="頂点" shape=poly coords=402,730,402,728,403,727,405,727,407,727,409,728,409,730,409,732,407,734,405,734,403,734,402,732,402,730
::target=067 title="頂点" shape=poly coords=341,600,341,598,343,596,345,596,347,596,348,598,348,600,348,602,347,604,345,604,343,604,341,602,341,600
::target=068 title="頂点" shape=poly coords=435,600,435,598,436,596,438,596,440,596,442,598,442,600,442,602,440,604,438,604,436,604,435,602,435,600
::target=071 title="頂点" shape=poly coords=133,608,133,606,135,604,137,604,139,604,140,606,140,608,140,610,139,612,137,612,135,612,133,610,133,608
::target=072 title="頂点" shape=poly coords=197,607,197,605,199,604,201,604,203,604,205,605,205,607,205,609,203,611,201,611,199,611,197,609,197,607
::target=073 title="頂点" shape=poly coords=101,734,101,732,103,730,105,730,107,730,109,732,109,734,109,736,107,738,105,738,103,738,101,736,101,734
::target=074 title="頂点" shape=poly coords=250,734,250,732,252,730,254,730,256,730,258,732,258,734,258,736,256,737,254,737,252,737,250,736,250,734
::target=076 title="頂点を示す印" shape=poly coords=71,534,71,532,72,531,74,531,76,531,78,532,78,534,78,536,76,538,74,538,72,538,71,536,71,534
::target=078 title="頂点の中で、凸頂点を示すしるし" shape=poly coords=63,785,63,783,65,782,67,782,69,782,71,783,71,785,71,787,69,789,67,789,65,789,63,787,63,785
::target=081 title="頂点の中で、凹頂点を示すしるし" shape=poly coords=55,835,65,833,67,824,69,833,78,835,69,837,67,846,65,837,55,835
::target=083 title="凸頂点" shape=poly coords=272,882,272,880,274,878,276,878,278,878,279,880,279,882,279,884,278,885,276,885,274,885,272,884,272,882
::target=084 title="凸頂点" shape=poly coords=252,969,252,967,253,965,255,965,257,965,259,967,259,969,259,971,257,972,255,972,253,972,252,971,252,969
::target=085 title="凸頂点" shape=poly coords=203,882,203,880,205,878,207,878,209,878,210,880,210,882,210,884,209,885,207,885,205,885,203,884,203,882
::target=086 title="凸頂点" shape=poly coords=127,879,127,877,128,876,130,876,132,876,134,877,134,879,134,881,132,883,130,883,128,883,127,881,127,879
::target=087 title="凸頂点" shape=poly coords=144,967,144,966,146,964,148,964,150,964,152,966,152,967,152,969,150,971,148,971,146,971,144,969,144,967
::target=089 title="凹頂点" shape=poly coords=228,911,237,909,239,900,241,909,250,911,241,913,239,922,237,913,228,911
::target=090 title="凹頂点" shape=poly coords=159,914,168,912,170,903,172,912,182,914,172,916,170,925,168,916,159,914
::target=092 title="凸頂点" shape=poly coords=380,854,380,852,382,850,384,850,386,850,387,852,387,854,387,856,386,857,384,857,382,857,380,856,380,854
::target=093 title="凸頂点" shape=poly coords=315,897,315,895,317,893,319,893,321,893,322,895,322,897,322,899,321,900,319,900,317,900,315,899,315,897
::target=094 title="凸頂点" shape=poly coords=422,979,422,977,424,975,426,975,428,975,430,977,430,979,430,981,428,982,426,982,424,982,422,981,422,979
::target=095 title="凸頂点" shape=poly coords=447,898,447,896,449,894,451,894,453,894,454,896,454,898,454,900,453,901,451,901,449,901,447,900,447,898
::target=096 title="凸頂点" shape=poly coords=337,976,337,974,339,972,341,972,343,972,344,974,344,976,344,978,343,979,341,979,339,979,337,978,337,976
::target=098 title="凹頂点" shape=poly coords=356,897,365,895,367,886,369,895,378,897,369,899,367,908,365,899,356,897
::target=099 title="凹頂点" shape=poly coords=392,898,402,897,404,887,405,897,415,898,405,899,404,909,402,899,392,898
::target=100 title="凹頂点" shape=poly coords=404,930,413,929,415,919,416,929,426,930,416,932,415,941,413,932,404,930
::target=101 title="凹頂点" shape=poly coords=375,952,385,951,386,941,387,951,397,952,387,953,386,963,385,953,375,952
::target=102 title="凹頂点" shape=poly coords=345,931,355,929,356,920,357,929,367,931,357,932,356,942,355,932,345,931
::target=104 title="凸頂点" shape=poly coords=528,871,528,869,530,868,532,868,534,868,535,869,535,871,535,873,534,875,532,875,530,875,528,873,528,871
::target=105 title="凸頂点" shape=poly coords=619,896,619,894,620,892,622,892,624,892,626,894,626,896,626,898,624,899,622,899,620,899,619,898,619,896
::target=106 title="凸頂点" shape=poly coords=558,866,558,864,560,862,562,862,564,862,565,864,565,866,565,868,564,870,562,870,560,870,558,868,558,866
::target=107 title="凸頂点" shape=poly coords=504,901,504,900,506,898,508,898,510,898,511,900,511,901,511,903,510,905,508,905,506,905,504,903,504,901
::target=108 title="凸頂点" shape=poly coords=611,961,611,959,613,958,615,958,617,958,619,959,619,961,619,963,617,965,615,965,613,965,611,963,611,961
::target=109 title="凸頂点" shape=poly coords=507,965,507,963,508,961,510,961,512,961,514,963,514,965,514,967,512,969,510,969,508,969,507,967,507,965
::target=110 title="凹頂点" shape=poly coords=534,944,543,942,545,933,547,942,556,944,547,946,545,955,543,946,534,944
::target=111 title="凹頂点" shape=poly coords=572,940,581,938,583,929,585,938,594,940,585,942,583,951,581,942,572,940
::target=112 title="凹頂点" shape=poly coords=575,918,585,916,587,907,588,916,598,918,588,920,587,930,585,920,575,918
::target=113 title="凹頂点" shape=poly coords=568,892,577,890,579,881,581,890,590,892,581,894,579,903,577,894,568,892
::target=114 title="下の３つの図形は、一般的な凹多角形で、英語で　Concave　polygons　と言う" shape=poly coords=367,760,367,752,374,746,382,746,649,746,657,746,664,752,664,760,664,819,664,827,657,834,649,834,382,834,374,834,367,827,367,819,367,760
::target=115 title="下の３つの図形は、一般的な凸多角形で、英語で　Convex　polygons　と言う" shape=poly coords=125,527,125,522,130,517,136,517,629,517,634,517,639,522,639,527,639,568,639,574,634,579,629,579,136,579,130,579,125,574,125,568,125,527
::target=116 title="幾何" shape=poly coords=49,66,177,66,177,120,49,120,49,66
::target=117 title="いろいろな多角形の頂点" shape=poly coords=230,66,593,66,593,113,230,113,230,66
::target=118 title="頂点の中で、凸頂点を示すしるし" shape=poly coords=72,538,72,536,74,534,76,534,78,534,79,536,79,538,79,540,78,541,76,541,74,541,72,540,72,538
::target=011 title="正三角形" shape=poly coords=162,197,228,307,101,307,162,197
::target=016 title="正四角形" shape=poly coords=305,201,408,203,408,307,304,306,305,201
::target=012 title="正五角形" shape=poly coords=551,173,484,223,509,307,594,306,622,223,551,173
::target=013 title="正六角形" shape=poly coords=164,334,101,370,101,446,166,482,228,444,228,370,164,334
::target=014 title="正七角形" shape=poly coords=358,339,302,364,286,429,327,482,390,482,430,426,416,367,358,339
::target=015 title="正八角形" shape=poly coords=556,336,506,357,483,409,504,462,556,482,608,464,630,407,608,357,556,336
::target=070 title="台形" shape=poly coords=135,608,203,607,255,735,104,735,135,608
::target=064 title="平行四辺形" shape=poly coords=313,734,345,598,441,598,409,734,313,734
::target=059 title="一般的な三角形" shape=poly coords=508,603,645,693,508,724,508,684,508,643,508,603
::target=082 title="王冠の形をした多角形。５つの凸頂点と、２つの凹頂点を持つ" shape=poly coords=130,879,149,968,256,969,276,879,239,915,207,878,170,915,130,879
::target=091 title="星型の多角形。５つの凸頂点と、５つの凹頂点を持つ" shape=poly coords=384,851,367,898,319,898,357,931,341,977,385,951,426,981,414,930,453,898,404,898,384,851
::target=103 title="不規則な形の多角形" shape=poly coords=508,902,515,894,522,881,530,870,562,865,580,895,622,896,611,903,601,909,588,918,585,925,585,932,583,940,614,962,544,942,511,966,508,902
