#Page 7
#FOLDER=TT-7
#このページのメインのmp3は#FOLDER=で指定したmp3ファイルです。このmp3がページ全体の朗読に使用されます。
#以下の0:で始まる文はこのページのメインのmp3がない場合にTTSで読み上げられます。

0:"このページでは、広重の版画「猿若町、夜の景」の遠近法を説明しています"

::target=010 title="男の人。輪郭を点で埋めている" shape=poly coords=552,940,547,950,543,951,542,946,534,946,532,953,528,953,526,946,524,944,528,934,524,934,524,900,520,892,521,887,522,884,518,872,524,857,536,845,533,840,531,837,532,828,540,820,549,824,552,834,549,839,547,842,552,846,555,854,556,861,561,891,549,900,552,940
::target=011 title="女の人。輪郭を横線で埋めている" shape=poly coords=440,972,440,954,444,934,442,933,445,925,441,924,443,911,444,898,450,884,445,881,444,874,445,867,449,862,459,860,460,869,461,877,460,881,465,883,463,901,468,908,473,909,475,928,473,933,473,940,459,944,459,955,462,967,462,974,440,972
::target=011 title="女の人。輪郭を横線で埋めている" shape=poly coords=378,974,376,948,381,944,379,934,384,924,378,912,378,903,374,891,371,890,373,887,380,881,379,875,374,870,367,865,360,867,355,875,356,884,360,891,356,904,350,914,349,922,349,929,346,930,344,948,342,962,350,962,346,971,378,974
::target=013 title="男の人。輪郭を点で埋めている" shape=poly coords=240,973,243,968,247,951,247,940,247,918,241,916,236,911,247,911,245,900,242,897,251,875,252,872,247,869,246,858,250,853,257,850,263,857,262,868,264,873,266,884,265,891,263,902,263,909,261,915,260,928,258,934,258,940,259,949,259,958,254,949,253,959,252,967,252,973,240,973
::target=014 title="女の人。輪郭を横線で埋めている" shape=poly coords=262,974,260,958,257,939,257,932,260,914,263,903,266,884,266,872,274,869,280,864,287,870,282,880,287,892,287,896,290,902,290,938,291,948,283,950,281,953,284,973,262,974
::target=014 title="女の人。輪郭を縦線で埋めている" shape=poly coords=334,974,339,956,341,947,331,948,326,937,326,926,331,913,341,890,345,884,340,878,338,870,342,864,349,859,357,862,353,870,356,873,357,884,361,891,359,901,352,910,351,918,350,923,349,930,346,930,346,941,343,960,351,961,347,971,334,974
::target=014 title="女の人。輪郭を横線で埋めている" shape=poly coords=157,967,158,956,162,931,161,922,156,922,154,907,159,883,166,869,167,865,162,865,158,860,156,853,163,851,167,848,175,850,179,858,178,861,176,870,178,884,179,898,179,909,178,913,175,914,177,925,175,925,175,939,177,949,180,956,181,960,178,965,172,965,168,965,157,967
::target=014 title="女の人。輪郭を横線で埋めている" shape=poly coords=128,966,125,960,128,947,132,935,133,926,130,921,127,919,117,925,120,917,116,915,116,908,123,894,126,893,131,880,132,876,134,875,135,872,131,869,131,862,128,857,139,854,144,859,149,862,148,867,149,874,142,881,142,892,147,895,147,901,147,908,146,912,140,913,144,922,144,934,144,945,144,951,147,956,147,959,143,962,140,960,135,961,128,966
::target=018 title="提灯を下げている" shape=poly coords=215,917,219,911,219,892,213,889,207,888,203,891,201,903,203,907,201,912,203,915,215,917
::target=018 title="提灯を下げている" shape=poly coords=244,948,248,941,248,921,241,917,234,917,230,919,228,933,230,936,229,942,230,946,244,948
::target=020 title="男の人。輪郭を点で埋めている" shape=poly coords=184,917,183,907,181,895,181,878,184,865,183,856,186,843,192,837,190,826,197,819,203,822,199,836,200,839,206,849,205,853,206,858,202,863,205,875,208,881,203,883,200,877,198,868,197,880,198,890,197,901,197,909,200,920,207,926,200,929,196,933,194,929,177,930,184,917
::target=013 title="男の人。輪郭を点で埋めている" shape=poly coords=593,918,597,887,594,878,590,865,592,850,593,837,602,830,602,826,597,820,598,818,597,812,603,812,608,815,613,822,611,829,609,831,616,840,617,843,627,838,629,842,617,846,615,852,617,862,619,869,612,877,611,885,611,906,612,918,614,924,609,927,603,925,603,920,599,922,593,918
::target=022 title="男の人。輪郭を小さな点で埋めている" shape=poly coords=614,827,614,817,612,809,619,804,627,805,629,815,625,819,625,823,632,830,633,839,634,851,628,859,629,871,630,881,628,896,631,912,627,918,616,918,611,918,611,891,611,878,618,869,617,865,615,855,616,846,628,843,628,839,618,843,613,836,614,827
::target=014 title="女の人。輪郭を横線で埋めている" shape=poly coords=93,834,98,822,102,810,99,807,89,806,90,799,86,792,90,777,89,772,97,770,109,759,109,756,111,753,116,752,113,748,117,747,126,750,123,760,123,765,118,766,117,775,114,783,114,791,110,794,113,812,113,825,116,831,110,835,103,835,93,834
::target=024 title="縁台に座っている男の人。輪郭を点で埋めている" shape=poly coords=121,826,120,812,122,802,121,798,131,789,133,786,134,778,143,778,144,789,141,792,147,793,148,797,141,801,141,806,144,814,147,819,140,824,136,828,121,826
::target=025 title="広重のサイン" shape=poly coords=92,477,127,477,127,609,92,609,92,477
::target=026 title="店の入口の行灯" shape=poly coords=620,655,652,652,652,723,640,730,622,729,620,655
::target=027 title="2階から下を見る女の人" shape=poly coords=499,621,501,611,498,604,507,604,507,598,499,591,502,582,510,587,518,591,519,606,518,614,499,621
::target=028 title="2階から下を見る男の人" shape=poly coords=463,637,465,617,460,610,463,602,474,600,478,616,478,631,463,637
::target=029 title="男の人。輪郭を点で埋めている" shape=poly coords=291,796,291,794,286,787,286,784,293,780,296,787,303,794,303,805,304,817,304,836,299,842,298,837,300,824,294,819,294,809,297,802,291,796
::target=030 title="版画の題が刷り込まれている" shape=poly coords=606,394,606,370,595,370,595,362,604,355,602,226,644,198,661,197,660,320,661,352,606,394
::target=031 title="満月" shape=poly coords=214,209,214,202,220,196,228,196,299,196,306,196,313,202,313,209,313,264,313,272,306,278,299,278,228,278,220,278,214,272,214,264,214,209
::target=032 title="物見台" shape=poly coords=364,548,364,542,369,537,375,537,420,537,426,537,431,542,431,548,431,600,431,606,426,611,420,611,375,611,369,611,364,606,364,600,364,548
::target=033 title="物見台" shape=poly coords=269,653,269,648,273,644,279,644,316,644,321,644,325,648,325,653,325,696,325,701,321,705,316,705,279,705,273,705,269,701,269,696,269,653
::target=034 title="屋台と物売り" shape=poly coords=258,794,258,789,262,785,267,785,301,785,306,785,310,789,310,794,310,838,310,843,306,847,301,847,267,847,262,847,258,843,258,838,258,794
::target=035 title="人を乗せる籠" shape=poly coords=153,796,153,792,156,790,159,790,184,790,187,790,190,792,190,796,190,837,190,840,187,843,184,843,159,843,156,843,153,840,153,837,153,796
::target=036 title="提灯を下げている" shape=poly coords=198,886,198,884,200,882,202,882,217,882,219,882,220,884,220,886,220,915,220,917,219,918,217,918,202,918,200,918,198,917,198,915,198,886
::target=036 title="提灯を下げている" shape=poly coords=227,916,227,914,228,912,230,912,245,912,247,912,249,914,249,916,249,945,249,947,247,949,245,949,230,949,228,949,227,947,227,945,227,916
::target=038 title="暖簾が下がっている" shape=poly coords=383,717,383,713,386,710,390,710,437,713,441,713,444,716,444,720,442,750,442,754,439,757,435,757,388,754,384,754,381,750,381,746,383,717
::target=038 title="暖簾が下がっている" shape=poly coords=431,689,431,685,434,682,438,681,547,673,551,672,554,675,555,679,557,709,557,713,554,716,550,716,442,725,438,725,434,722,434,718,431,689
::target=040 title="版画のタイトル" shape=poly coords=607,196,607,192,610,189,614,189,645,189,649,189,652,192,652,196,652,363,652,367,649,370,645,370,614,370,610,370,607,367,607,363,607,196
::target=041 title="屋根の端。視線を導く線となっている" shape=poly coords=506,495,505,494,505,492,507,491,652,373,654,372,656,373,657,374,664,383,665,385,665,387,664,388,518,505,517,506,515,506,514,504,506,495
::target=041 title="屋根の端。視線を導く線となっている" shape=poly coords=429,581,428,580,428,578,429,577,526,500,527,499,529,499,530,500,537,509,538,510,538,512,536,513,440,591,439,592,437,591,436,590,429,581
::target=041 title="屋根の端。視線を導く線となっている" shape=poly coords=324,664,323,663,324,661,325,660,382,614,383,613,385,613,386,614,392,622,393,624,393,625,392,626,334,672,333,673,332,673,331,672,324,664
::target=041 title="屋根の端。視線を導く線となっている" shape=poly coords=142,532,144,531,146,532,146,534,216,727,217,729,216,731,214,732,201,737,199,737,197,736,197,735,127,541,126,539,127,537,129,536,142,532
::target=041 title="屋根の端。視線を導く線となっている" shape=poly coords=82,397,83,396,85,397,86,398,115,466,115,467,115,469,113,469,104,473,102,474,101,473,100,472,71,404,71,403,71,401,73,401,82,397
::target=046 title="軒の庇。視線を導く線となっている" shape=poly coords=263,731,262,729,263,728,264,727,661,604,663,604,664,605,665,606,668,616,668,618,668,619,666,620,269,743,268,743,266,742,266,741,263,731
::target=046 title="軒の庇。視線を導く線となっている" shape=poly coords=85,653,85,652,87,651,88,652,210,730,212,731,212,733,211,734,205,743,204,745,203,745,201,744,79,666,78,665,78,664,79,662,85,653
::target=048 title="道路端。視線を導く線となっている" shape=poly coords=262,749,262,748,263,748,264,748,507,838,508,839,509,840,508,841,506,848,505,849,504,849,503,849,260,759,259,759,259,758,259,757,262,749
::target=049 title="暖簾の裾。視線を導く線となっている" shape=poly coords=88,731,88,732,89,734,90,734,208,746,210,747,211,746,211,744,212,735,212,734,211,733,210,733,91,720,90,720,89,721,89,722,88,731
::target=050 title="縁台" shape=poly coords=130,834,129,833,128,833,127,834,76,877,75,877,75,878,76,879,80,884,81,885,82,885,83,885,134,841,134,841,134,840,134,839,130,834
::target=051 title="広重の版画、猿若町,夜の景に見る遠近法" shape=poly coords=220,68,673,68,673,151,220,151,220,68
::target=053 title="版画から" shape=poly coords=50,68,190,68,190,155,50,155,50,68
