#Page 11
#FOLDER=TT-11
#このページのメインのmp3は#FOLDER=で指定したmp3ファイルです。このmp3がページ全体の朗読に使用されます。
#以下の0:で始まる文はこのページのメインのmp3がない場合にTTSで読み上げられます。

0:このページは、直線、双曲線、放物線などの座標系の説明を、おこなっています。

::target=012 title="原点、X=0、Y=0" shape=poly coords=355,644,355,639,359,636,363,636,368,636,371,639,371,644,371,648,368,651,363,651,359,651,355,648,355,644
::target=013 title="X軸、プラス方向" shape=poly coords=392,639,392,638,393,637,394,637,610,637,611,637,611,638,611,639,611,646,611,647,611,648,610,648,394,648,393,648,392,647,392,646,392,639
::target=014 title="X軸、マイナス方向" shape=poly coords=117,639,117,638,118,637,119,637,335,637,336,637,337,638,337,639,337,646,337,647,336,648,335,648,119,648,118,648,117,647,117,646,117,639
::target=015 title="双曲線の、X軸,プラス方向、Y軸,プラス方向に、伸びた枝" shape=poly coords=565,446,566,445,567,445,567,446,570,449,571,449,571,450,570,450,434,596,434,597,433,597,433,597,430,593,429,593,429,592,429,592,565,446
::target=016 title="双曲線の、X軸,プラス方向、Y軸,マイナス方向に、伸びた枝" shape=poly coords=568,835,568,836,568,837,568,837,564,841,563,842,562,842,562,841,427,695,426,694,426,693,427,693,431,689,431,688,432,688,433,689,568,835
::target=017 title="双曲線の、X軸,マイナス方向、Y軸,プラス方向に、伸びた枝" shape=poly coords=298,595,298,596,298,596,298,597,295,599,295,600,294,600,294,599,163,454,162,453,162,453,163,452,166,450,166,449,167,449,167,450,298,595
::target=018 title="双曲線の、X軸,マイナス方向、Y軸,マイナス方向に、伸びた枝" shape=poly coords=297,683,298,683,299,683,299,683,303,686,303,687,303,688,303,688,169,836,169,837,168,837,167,836,164,833,163,832,163,831,164,831,297,683
::target=019 title="Y軸、プラス方向" shape=poly coords=360,611,359,611,358,610,358,609,358,394,358,393,359,392,360,392,367,392,368,392,369,393,369,394,369,609,369,610,368,611,367,611,360,611
::target=020 title="Y軸、マイナス方向" shape=poly coords=360,894,359,894,358,893,358,892,358,677,358,676,359,675,360,675,367,675,368,675,369,676,369,677,369,892,369,893,368,894,367,894,360,894
::target=021 title="放物線の、X軸,プラス、Y軸,プラス方向に、伸びた枝" shape=poly coords=467,400,467,399,468,398,469,399,476,400,477,401,478,402,478,403,442,538,442,539,441,540,440,539,433,537,432,537,431,536,432,535,467,400
::target=022 title="放物線の、X軸,マイナス、Y軸,プラス方向に、伸びた枝" shape=poly coords=263,403,262,402,261,401,259,401,249,404,247,404,246,406,247,407,286,559,287,561,288,561,290,561,300,558,302,558,303,556,302,555,263,403
::target=023 title="直線、Y=0.3✖️X-2.5" shape=poly coords=204,809,204,809,204,808,205,808,344,768,345,767,345,768,346,769,347,774,347,775,347,775,346,775,207,816,206,816,206,815,205,815,204,809
::target=024 title="直線、Y=0.3✖️X-2.5" shape=poly coords=488,724,488,723,488,723,489,723,605,689,605,689,606,689,606,690,608,695,608,696,608,697,607,697,491,730,491,731,490,730,490,729,488,724
::target=025 title="直線、Y=0.3✖️X-2.5" shape=poly coords=374,759,374,759,375,758,375,758,450,737,451,736,451,737,451,737,452,741,453,742,452,742,452,743,377,764,376,764,376,764,376,763,374,759
::target=026 title="直線、Y=0.3✖️X-2.5" shape=poly coords=123,834,123,834,123,833,124,833,154,824,155,824,156,824,156,825,157,830,158,831,157,831,157,832,126,840,125,841,125,840,124,840,123,834
::target=027 title="双曲線の、漸近線、Ｙ＝➖Ｘ" shape=poly coords=570,848,570,847,571,847,571,848,606,882,606,882,606,883,606,883,604,885,603,886,603,886,603,885,568,851,567,851,567,850,567,850,570,848
::target=028 title="双曲線の、漸近線、Ｙ＝➖Ｘ" shape=poly coords=119,398,119,397,119,397,120,398,171,448,172,448,172,449,171,449,169,452,169,452,168,452,168,452,116,401,116,401,116,400,116,400,119,398
::target=029 title="双曲線の、漸近線、Ｙ＝Ｘ" shape=poly coords=170,841,170,841,170,842,170,842,119,894,119,894,118,894,118,894,116,891,115,891,115,890,116,890,166,838,166,838,167,838,167,838,170,841
::target=030 title="双曲線の、漸近線、Ｙ＝Ｘ" shape=poly coords=610,399,610,400,610,401,610,401,571,441,570,442,569,442,569,441,566,438,566,438,566,437,566,437,605,397,606,396,606,396,607,397,610,399
::target=031 title="下の座標系には、原点、X軸、Y軸が定義され、軸には、目盛線が刻まれている。座標系に描かれた線を読み取るために、格子線が描かれている。" shape=rect coords=60,140,670,290
::target=033 title="関数" shape=rect coords=60,70,190,110
::target=034 title="座標系と、直線、放物線、双曲線" shape=poly coords=225,68,668,68,668,114,225,114,225,68
