#Page 14
#FOLDER=TT-14
#このページのメインのmp3は#FOLDER=で指定したmp3ファイルです。このmp3がページ全体の朗読に使用されます。
#以下の0:で始まる文はこのページのメインのmp3がない場合にTTSで読み上げられます。

0:このページでは、北極を原点とした正積方位図の説明をしています

::target=011 title="オーストラリア大陸。面積が正しく保たれるように薄く平たくなっている" shape=poly coords=513,430,516,427,521,428,524,431,628,557,631,561,630,566,627,568,602,588,599,591,594,591,591,587,487,461,485,458,485,453,489,450,513,430
::target=012 title="北アメリカ大陸。北極の近くにあるので、形はあまり変形していない。" shape=poly coords=231,557,237,545,252,540,264,547,349,591,361,598,366,612,360,624,310,720,303,732,289,737,277,730,191,686,179,680,175,665,181,653,231,557
::target=013 title="アフリカ大陸。大部分が南半球にあるので、形は平べったくゆがんでいる。" shape=poly coords=522,791,533,790,544,799,544,811,550,896,551,908,542,918,530,919,336,933,324,933,314,924,313,913,307,827,306,815,315,805,327,804,522,791
::target=014 title="南アメリカ大陸。南半球にあるので、形は大きく変形し、平たくなっている。" shape=poly coords=90,743,86,733,91,722,100,718,169,691,179,687,190,691,194,701,241,819,245,829,240,839,231,843,162,871,152,875,141,870,138,861,90,743
::target=015 title="日本列島。北半球にあるので、あまり変形していない。" shape=poly coords=430,570,430,568,432,567,434,567,481,567,482,567,484,568,484,570,484,584,484,586,482,588,481,588,434,588,432,588,430,586,430,584,430,570
::target=016 title="経度、ゼロの線。北極点から、イギリスのロンドン近郊を通り南極点まで伸びている" shape=poly coords=363,694,363,693,364,692,365,692,372,692,373,692,374,693,374,694,372,797,372,798,371,799,370,799,363,799,362,799,361,798,361,797,363,694
::target=017 title="経度、ゼロの線。北極点から、イギリスのロンドン近郊を通り南極点まで伸びている" shape=poly coords=351,930,351,929,352,928,353,928,362,928,363,928,364,929,364,930,363,971,363,972,362,973,361,973,353,973,351,973,351,972,351,971,351,930
::target=018 title="経度、180度の線。北極点から、太平洋の真ん中を通り南極点まで伸びている。日付変更線となっている。" shape=poly coords=377,383,377,382,378,381,380,381,388,382,389,382,390,383,390,384,380,654,380,655,379,656,378,656,370,655,369,655,368,654,368,653,377,383
::target=019 title="インド半島。左側にはネパールがあり、ヒマラヤ山脈がそびえている" shape=poly coords=514,688,515,683,519,680,524,681,558,687,563,688,566,692,565,697,557,740,557,745,552,748,547,747,513,741,509,740,506,735,506,731,514,688
::target=020 title="大西洋部分の赤道" shape=poly coords=250,832,261,840,280,850,303,859,300,872,281,863,262,856,242,845,250,832
::target=021 title="東太平洋部分の赤道" shape=poly coords=370,468,362,472,356,471,347,472,338,473,324,476,316,478,312,480,305,480,300,482,274,494,268,497,262,500,256,504,241,516,226,532,222,538,220,534,212,549,207,556,200,562,194,574,189,582,185,587,182,595,179,602,179,609,176,618,175,628,170,637,169,647,169,677,158,684,156,685,157,654,158,641,159,629,161,621,165,609,168,597,176,579,181,568,186,560,190,552,196,543,210,527,224,513,229,509,233,504,238,500,243,495,248,493,255,489,263,485,274,478,284,474,293,469,303,467,312,464,321,460,330,459,339,457,369,455,370,468
::target=022 title="西太平洋部分の赤道" shape=poly coords=537,558,533,556,533,549,528,543,522,537,513,529,504,520,495,512,479,501,471,494,448,484,428,477,391,470,393,458,425,462,445,469,452,474,462,474,470,478,476,482,476,482,483,487,490,492,501,501,510,508,517,517,528,523,535,531,548,552,537,558
::target=023 title="北極点" shape=poly coords=357,669,357,661,364,654,372,654,380,654,387,661,387,669,387,677,380,684,372,684,364,684,357,677,357,669
::target=024 title="スマトラ島から、インド洋を横切る赤道" shape=poly coords=528,796,528,792,535,790,539,783,543,776,548,764,553,753,558,742,564,724,567,713,570,689,570,667,566,631,578,628,584,660,583,681,581,689,584,699,582,707,581,714,581,715,578,723,576,731,570,744,566,755,561,764,558,776,553,786,537,804,528,796
::target=025 title="ロシア" shape=poly coords=389,589,393,588,414,576,419,584,434,591,440,594,459,591,464,594,468,597,462,603,461,607,460,611,453,614,452,617,452,620,458,624,459,627,464,636,466,663,454,704,453,733,445,739,436,729,428,735,420,738,414,737,400,723,416,692,412,655,388,620,390,589,402,583,389,589
::target=026 title="中国" shape=poly coords=460,608,466,601,470,601,473,608,477,607,498,596,517,599,528,609,537,617,537,627,530,630,520,644,516,664,516,677,512,684,497,694,477,680,470,659,466,633,453,616,460,608
::target=044 title="地図、中サイズ、スライドショー" shape=poly coords=133,68,133,63,137,59,141,59,605,59,610,59,614,63,614,68,614,103,614,108,610,112,605,112,141,112,137,112,133,108,133,103,133,68
::target=045 title="下の座標系、正積方位図では、北極を原点とし、経度を放射状の直線群で、緯度は、間隔が変化する同心円群で、あらわします。緯度の間隔は、面積が正しくなるよう、中心からの距離とともに縮めて行きます。" shape=poly coords=76,164,76,145,91,130,110,130,645,130,664,130,679,145,679,164,679,299,679,318,664,333,645,333,110,333,91,333,76,318,76,299,76,164
