#Page-5
#FOLDER=TT-5
#このページのメインのmp3は#FOLDER=で指定したmp3ファイルです。このmp3がページ全体の朗読に使用されます。
#以下の0:で始まる文はこのページのメインのmp3がない場合にTTSで読み上げられます。

0:まんが、塙保己一からの抜粋です。
0:1783年8月、浅間山が大噴火し、関東平野の多くの村で、作物が全滅し、飢饉が起きた

#FOLDER=TT- 6
::target=010 title="1783年8月、浅間山が大噴火し、関東平野の多くの村で、作物が全滅し、飢饉が起きた" shape=rect coords=46,151,659,224
::target=011 title="マンガ、塙保己一から" shape=rect coords=49,68,288,110


::target=012 title="浅間山。上のほうが火口の外輪。下に向かい幾つかの尾根と谷筋がある。溶岩は谷筋に沿って流れた" shape=poly coords=186,513,221,493,251,473,274,455,283,454,287,458,295,454,302,452,307,456,311,461,317,459,323,459,326,459,333,457,341,461,343,462,348,459,355,461,360,462,362,460,369,459,374,461,391,472,404,486,416,496,430,509,443,520,451,527,466,537,444,543,415,551,411,552,412,552,411,552,369,555,365,555,325,554,280,552,277,551,278,551,276,551,222,547,195,535,168,523,186,513
::target=014 title="噴火の火柱" shape=poly coords=290,293,291,322,301,321,305,323,315,319,327,319,332,323,343,327,347,330,355,325,363,327,367,323,372,322,377,323,379,317,379,317,381,296,368,297,354,291,351,289,343,296,328,299,311,295,304,289,300,286,296,293,290,293
::target=015 title="飛び散る溶岩" shape=poly coords=170,404,169,403,168,398,167,397,159,395,154,399,154,400,152,401,151,402,153,409,157,413,169,413,170,404
::target=015 title="飛び散る溶岩" shape=poly coords=156,444,152,443,150,438,146,437,133,437,126,441,125,450,132,456,150,457,156,444
::target=015 title="飛び散る溶岩" shape=poly coords=350,428,346,427,350,422,347,421,340,421,334,424,333,431,339,437,347,434,350,428
::target=015 title="飛び散る溶岩" shape=poly coords=480,408,476,407,479,404,475,403,469,405,465,406,462,415,468,422,479,420,480,408
::target=015 title="飛び散る溶岩" shape=poly coords=530,371,526,370,531,366,527,365,520,363,515,367,515,373,519,378,527,377,530,371
::target=015 title="飛び散る溶岩" shape=poly coords=211,485,210,484,211,482,209,481,203,477,197,482,199,489,203,493,209,491,211,485
::target=013 title="火口から勢いよく噴出する火柱。上のほうでは、煙となって広がっている。" shape=poly coords=287,451,287,411,289,380,300,381,307,376,311,379,317,379,317,376,327,381,335,381,341,378,347,370,357,373,365,371,373,365,377,358,373,455,367,454,361,455,353,452,346,455,343,455,338,452,329,452,327,455,319,452,311,453,306,450,299,449,287,451
::target=021 title="高温の溶岩が飛び散るときに残した煙の筋" shape=poly coords=229,388,203,389,196,398,183,403,181,406,180,407,181,410,186,416,191,415,192,413,196,411,202,409,207,406,206,406,211,403,213,403,213,400,215,399,223,399,226,399,230,395,233,395,236,399,253,404,263,409,266,412,268,415,271,417,284,428,285,428,283,423,281,420,279,417,273,413,271,410,269,409,267,404,265,403,254,399,241,390,234,386,221,391,213,388,214,388,231,388,229,388
::target=021 title="高温の溶岩が飛び散るときに残した煙の筋" shape=poly coords=283,440,273,429,270,429,267,426,263,425,255,426,247,429,243,431,243,426,238,428,231,430,223,433,215,431,209,432,205,438,197,438,190,442,186,448,180,450,171,448,165,453,163,461,164,468,165,469,167,470,168,470,170,471,172,471,173,470,177,465,178,464,179,463,180,462,185,461,192,455,193,454,194,451,195,450,201,447,203,446,205,447,207,446,214,441,220,438,223,440,226,439,228,439,238,435,241,434,241,436,246,434,252,434,255,434,258,431,261,432,265,431,267,431,270,434,275,436,277,438,283,440
::target=021 title="高温の溶岩が飛び散るときに残した煙の筋" shape=poly coords=382,455,383,453,378,450,379,448,388,443,401,441,416,439,424,440,431,441,437,445,437,451,433,454,428,453,419,449,411,448,403,448,398,451,391,451,382,455
::target=021 title="高温の溶岩が飛び散るときに残した煙の筋" shape=poly coords=375,402,380,385,387,371,398,361,416,351,429,343,442,344,455,341,464,347,475,350,487,357,496,358,505,367,509,381,500,386,489,382,485,371,476,361,468,360,457,357,450,357,443,357,433,357,421,363,412,365,404,369,397,379,389,385,386,396,375,402
::target=021 title="高温の溶岩が飛び散るときに残した煙の筋" shape=poly coords=376,434,385,415,399,399,402,396,407,396,410,393,416,383,426,372,447,370,455,373,467,375,479,379,482,391,476,397,469,391,463,389,455,387,451,386,440,386,433,386,424,394,421,397,421,402,418,405,407,411,406,413,403,410,401,412,394,421,389,430,379,439,376,434
::target=026 title="農家が2軒" shape=poly coords=55,599,105,604,129,607,136,634,159,616,209,620,233,626,238,641,256,668,259,680,205,678,174,677,128,674,75,672,55,672,55,599
::target=027 title="農夫の顔。噴火を見て驚き、口をあけている。頭には丁髷を結っている。眉の線,丸い目,鼻,大きく開けた口,その右に,耳が描かれている" shape=poly coords=504,567,479,553,488,524,477,500,459,488,458,475,474,463,487,448,498,422,523,405,550,409,559,418,568,411,584,423,578,438,589,455,577,463,575,482,564,507,550,515,549,536,543,559,504,567
::target=028 title="農夫が肩に担いでいる鍬" shape=poly coords=549,538,577,527,573,502,626,484,643,508,648,552,647,593,638,609,601,613,593,557,590,549,563,556,549,538
::target=029 title="鍬のえを持つ農夫の右手" shape=poly coords=447,608,442,601,438,591,436,575,446,565,468,563,477,572,478,585,479,593,473,601,461,604,447,608
::target=030 title="指を開いた農夫の左手" shape=poly coords=544,648,538,643,526,648,508,654,499,647,496,634,496,621,498,611,506,605,506,591,516,590,527,594,532,584,542,587,552,607,558,615,552,639,544,648
::target=031 title="浅間山の裾の先に見える遠くの山" shape=poly coords=56,513,76,505,100,520,134,536,140,544,112,558,88,566,64,573,57,575,56,513
::target=032 title="村の外れに見える樹木の連なり" shape=poly coords=370,674,363,643,347,632,328,627,316,608,292,608,272,611,256,609,248,598,243,592,227,586,216,577,203,572,181,571,171,573,161,575,155,567,143,569,132,563,126,559,111,558,98,565,88,568,79,566,74,578,91,587,122,576,142,589,167,595,193,585,207,601,235,607,241,613,252,627,271,633,296,635,316,633,323,647,343,647,347,662,352,671,370,674
::target=033 title="爆発で吹き上げられた噴煙と、そこから落ちてくる溶岩からでる煙" shape=poly coords=59,264,70,283,73,313,79,343,71,364,81,397,86,407,77,424,75,453,96,455,99,423,108,389,132,352,143,332,159,331,186,342,221,345,241,355,263,370,275,371,290,372,319,373,347,371,370,363,380,351,407,343,428,331,460,334,491,338,512,335,531,343,557,355,571,370,587,378,597,389,610,413,621,411,613,392,615,382,609,366,610,376,607,359,609,358,619,374,625,381,630,387,626,403,629,406,632,409,640,403,641,401,639,382,631,351,623,318,622,295,631,279,661,269,658,253,620,263,594,263,563,252,528,250,500,259,453,259,427,275,392,269,346,266,289,271,254,275,223,257,203,267,155,268,119,261,92,247,72,251,59,264
::target=034 title="飛び散る溶岩" shape=poly coords=355,309,351,308,356,304,351,303,344,301,340,304,339,311,344,315,351,315,355,309
::target=034 title="飛び散る溶岩" shape=poly coords=317,387,313,386,318,380,313,379,305,379,300,382,299,391,304,397,315,397,317,387
::target=036 title="農夫のひだり腕" shape=poly coords=556,564,556,561,559,558,563,558,588,558,592,558,595,561,595,564,595,660,595,664,592,667,588,667,563,667,559,667,556,664,556,660,556,564
::target=037 title="農夫の着物の襟" shape=poly coords=485,569,485,566,487,564,489,564,560,564,563,564,565,566,565,569,565,586,565,588,563,590,560,590,489,590,487,590,485,588,485,586,485,569
::target=038 title="農夫のみぎ腕" shape=poly coords=448,646,446,645,446,642,447,640,471,608,472,606,475,605,477,607,492,617,494,619,494,621,493,623,469,656,467,658,465,658,463,657,448,646
