#Page 10
#FOLDER=TT-10
#このページのメインのmp3は#FOLDER=で指定したmp3ファイルです。このmp3がページ全体の朗読に使用されます。
#以下の0:で始まる文はこのページのメインのmp3がない場合にTTSで読み上げられます。

0:このページでは、脳の感覚野と運動野の体部位対応について説明しています。
0:下に、ペンフィールドによる、脳の中央部の、運動野と感覚野の場所を示す図がある。
0:その左右に、左感覚野と、右運動野の体の部位との対応をマンガの人体図で示す。

::target=011 title="脳の中の、感覚皮質の右半分" shape=poly coords=351,781,359,765,361,756,371,747,381,739,398,743,413,742,416,731,418,724,423,718,431,717,441,713,451,705,455,713,449,728,446,732,438,739,431,745,420,757,411,761,402,762,389,759,382,763,375,771,369,772,363,778,362,784,360,784,353,788,351,788,351,781
::target=012 title="脳の中の、運動皮質の右半分" shape=poly coords=350,770,350,761,355,754,358,743,364,733,371,731,385,731,402,731,407,721,411,703,423,701,433,699,437,695,444,687,452,703,441,711,432,714,425,715,420,717,416,728,414,738,407,741,398,739,388,738,382,736,372,744,363,750,360,757,356,765,350,770
::target=013 title="脳の中の、運動皮質の左半分" shape=poly coords=247,705,250,696,258,707,265,711,274,712,282,732,296,735,314,741,324,743,329,747,335,753,345,760,345,770,341,775,335,768,331,755,322,752,314,748,304,749,297,749,287,747,279,738,275,727,273,723,262,724,257,723,251,714,247,705
::target=014 title="脳の中の、感覚皮質の左半分" shape=poly coords=242,718,247,708,252,721,257,724,270,724,278,740,286,748,298,752,314,752,327,757,334,770,343,778,347,779,347,785,342,787,328,776,320,773,309,772,298,774,293,771,287,759,279,748,271,745,265,747,263,735,260,731,253,733,242,717,242,717,242,718
::target=010 title="人間の脳を、上から見た図" shape=poly coords=274,650,279,640,295,624,308,619,335,609,337,612,344,609,346,612,350,627,355,609,368,608,384,610,406,626,425,650,440,670,447,689,457,720,459,745,458,770,456,793,447,817,433,843,408,858,394,868,371,874,357,873,352,862,346,873,312,871,287,862,263,836,250,804,238,771,241,735,241,714,249,692,252,687,254,679,257,674,266,662,274,650
::target=015 title="大脳皮質の右運動野、体の左半分の運動を制御している" shape=poly coords=397,599,396,598,391,601,388,598,385,596,380,589,378,584,380,566,383,544,382,532,392,528,404,529,415,538,417,540,420,530,413,532,402,530,386,525,381,518,381,493,383,485,385,465,385,457,392,450,398,447,415,443,427,446,432,454,431,462,431,473,429,482,425,488,425,488,432,491,431,488,430,484,431,471,432,460,440,450,455,451,475,461,482,470,483,476,473,481,466,488,458,499,465,507,469,492,479,481,487,479,494,471,500,469,512,477,527,487,535,492,531,499,524,504,517,508,506,512,508,518,518,511,529,505,540,500,546,499,552,509,557,518,565,530,561,536,567,537,570,543,579,561,577,569,574,573,578,576,584,580,587,596,590,614,591,625,585,636,581,638,574,632,573,640,572,645,561,651,551,655,541,654,536,647,529,637,529,633,525,620,522,615,523,621,526,633,526,640,526,647,515,654,526,658,528,664,528,678,522,686,511,696,513,702,529,682,547,677,564,681,584,691,584,695,591,705,588,719,586,724,598,713,578,719,573,717,581,730,574,704,566,697,576,697,550,695,544,694,542,697,539,699,535,700,532,703,530,706,527,708,528,711,526,714,524,717,521,721,517,723,513,726,523,723,504,726,501,723,494,714,493,707,492,703,494,699,494,695,495,692,497,691,498,687,498,683,503,674,504,668,505,662,498,660,497,652,500,645,496,650,502,639,503,626,505,626,500,613,500,607,497,600,499,597,501,593,507,591,512,591,518,591,524,593,530,600,535,609,535,608,540,618,546,629,543,624,549,630,551,631,557,629,560,628,569,620,564,627,571,617,574,606,573,612,571,600,570,594,566,586,563,577,561,571,563,573,563,561,559,554,559,551,548,549,546,544,549,547,548,539,548,535,548,529,548,527,547,524,545,525,543,524,540,521,538,521,531,521,526,521,517,530,512,534,505,536,501,530,491,528,487,526,491,525,491,523,491,520,491,515,493,512,495,508,503,504,504,502,504,497,508,504,504,498,496,496,509,497,500,497,494,502,499,497,495,505,492,507,490,504,482,505,478,506,475,510,473,520,469,522,466,522,456,521,452,520,449,519,448,517,446,515,445,516,445,510,444,499,453,490,453,484,454,478,452,474,449,474,443,476,447,477,448,484,446,490,444,495,440,500,434,503,426,505,419,507,415,506,414,504,413,499,413,493,416,480,417,475,417,469,416,471,416,469,415,468,416,466,414,465,412,465,408,467,406,468,403,469,399,469,398,472,399,479,402,478,404,484,404,489,400,496,399,501,400,505,396,507,402,511,404,513,408,514,414,516,417,519,425,517,433,522,434,530,432,532,428,537,431,546,427,546,430,550,428,555,423,553,415,555,410,552,406,548,400,545,394,549,394,548,393,556,391,560,390,566,390,572,390,577,389,582,390,587,391,592,396,597,397,599,397,599
::target=016 title="大脳皮質の左感覚野、体の右半分の感覚を検知している" shape=poly coords=135,725,134,713,144,706,155,703,165,693,174,695,191,702,202,705,214,693,218,682,216,677,221,674,222,666,220,663,221,651,222,646,213,644,209,642,216,633,224,623,228,613,228,605,221,598,217,595,210,599,199,602,189,598,185,603,185,613,183,624,180,625,178,615,181,607,175,605,167,604,158,609,149,613,146,620,142,627,137,636,132,639,131,631,136,620,139,613,143,609,142,601,139,599,138,593,141,585,152,584,157,592,173,591,180,585,184,577,198,571,206,567,204,554,200,548,191,543,191,536,190,524,188,517,188,506,195,511,201,517,211,515,217,509,225,505,231,501,230,495,228,490,227,482,227,481,233,480,235,490,237,503,243,505,251,504,259,500,264,495,264,488,263,482,261,478,267,479,270,484,267,495,271,501,284,497,293,492,299,490,299,484,299,477,297,468,301,465,308,467,311,473,309,480,306,490,305,497,305,506,298,513,289,514,278,516,274,520,274,531,278,537,282,548,288,557,299,557,308,551,312,565,315,576,315,583,307,592,305,599,320,594,325,590,326,571,327,559,326,544,326,532,319,525,307,528,303,533,305,532,303,534,303,534,298,531,294,527,303,524,318,518,322,505,325,495,326,482,326,466,325,454,317,441,304,441,292,444,284,449,282,461,282,471,285,478,290,483,284,487,278,489,280,485,278,479,276,467,275,459,273,449,266,449,258,451,250,456,245,462,244,468,250,476,252,484,252,492,247,493,248,487,247,480,245,472,241,466,233,461,226,463,213,468,207,472,205,481,208,489,213,495,208,499,208,499,204,493,200,487,194,482,184,485,177,495,170,501,166,507,162,516,166,526,171,533,172,543,172,554,178,559,185,561,178,564,172,565,166,570,165,574,165,574,163,569,169,563,169,557,168,546,165,534,162,529,150,527,145,527,139,543,138,547,136,551,136,551,133,560,141,565,150,564,148,571,148,571,142,567,137,564,132,567,127,576,122,593,119,601,124,607,124,607,118,611,114,629,113,640,118,654,123,660,132,662,143,660,148,653,154,643,158,634,160,623,167,616,171,620,166,625,161,629,158,637,158,645,169,655,179,657,187,652,192,643,194,636,197,629,198,625,197,616,203,615,202,622,199,632,194,643,189,652,191,660,198,660,204,656,204,663,201,664,195,665,188,666,186,675,188,682,196,684,194,689,183,684,170,676,157,677,146,684,134,692,126,701,117,707,116,709,114,724,117,728,120,731,134,726,136,728,135,725
::target=017 title="生殖器" shape=poly coords=328,534,335,537,336,532,333,527,329,516,333,520,339,530,343,526,344,521,339,514,332,507,326,500,322,513,322,519,317,520,314,522,299,525,300,531,315,525,328,534
::target=018 title="下肢、腰から下の部分" shape=poly coords=325,491,332,497,339,499,338,486,336,474,335,459,338,446,341,430,342,414,337,411,324,416,311,424,310,426,311,438,332,424,332,440,333,454,327,458,327,475,325,491
::target=019 title="胴体" shape=poly coords=310,425,298,423,286,420,268,423,262,427,267,438,281,436,292,434,298,437,312,440,310,425
::target=020 title="頭" shape=poly coords=268,426,269,422,262,415,249,409,241,413,239,420,241,427,250,429,261,429
::target=021 title="腕、手、指" shape=poly coords=261,428,245,440,236,448,222,450,207,458,196,453,187,452,179,452,171,455,161,461,164,483,168,486,155,492,151,500,153,505,161,504,166,501,173,491,177,494,190,486,206,474,213,467,235,460,245,452,253,447,266,439,261,428
::target=022 title="目、鼻、口" shape=poly coords=163,513,147,516,135,520,132,529,122,536,110,542,109,551,112,557,111,562,101,563,100,569,103,575,112,579,115,583,103,583,95,587,97,595,104,596,107,607,107,612,117,611,121,608,118,604,122,587,129,568,133,565,136,564,132,561,137,548,143,530,146,527,160,527,167,535,166,526,163,513
::target=023 title="歯茎、顎" shape=poly coords=117,610,103,612,89,609,89,617,85,626,85,632,101,632,113,631,117,610
::target=024 title="舌" shape=poly coords=113,638,104,635,90,640,78,659,95,651,114,652,113,638
::target=025 title="下肢、腰から下の部分" shape=poly coords=381,519,374,530,364,534,367,513,368,501,368,473,367,451,369,433,370,413,377,408,395,416,405,424,401,439,386,423,386,439,380,454,376,477,375,489,380,490,380,508,381,519
::target=026 title="胴体" shape=poly coords=407,424,417,431,428,425,436,419,449,420,456,427,450,438,447,430,437,432,424,439,419,444,409,443,402,438,407,424
::target=027 title="腕、手、指" shape=poly coords=458,427,464,445,480,448,497,458,505,461,519,457,534,465,541,473,548,476,548,469,542,462,540,457,544,455,553,454,558,457,560,462,568,466,572,478,568,490,559,495,561,502,556,507,548,498,537,491,524,482,507,470,497,466,480,462,466,456,457,451,452,438,458,427
::target=028 title="目、鼻、口" shape=poly coords=558,510,575,516,586,521,587,530,603,538,611,543,608,550,604,554,606,559,613,561,617,568,610,575,599,582,612,581,621,587,624,594,620,597,616,598,613,604,609,616,604,617,592,616,589,591,586,578,577,574,581,565,575,550,571,537,563,537,567,532,560,521,558,510
::target=029 title="舌" shape=poly coords=593,619,605,622,614,630,624,639,618,643,606,637,595,636,585,638,591,629,593,619
::target=031 title="後頭部はこの方向です" shape=rect coords=300,900,400,950
::target=032 title="下に、ペンフィールドによる、脳の中央部の、運動野と感覚野の場所を示す図がある。その左右に、左感覚野と、右運動野の体の部位との対応をマンガの人体図で示す" shape=poly coords=50,165,50,149,62,137,78,137,650,137,665,137,678,149,678,165,678,277,678,292,665,305,650,305,78,305,62,305,50,292,50,277,50,165
::target=033 title="生物" shape=poly coords=37,56,193,56,193,115,37,115,37,56
::target=035 title="脳の感覚野と、運動野の、体部位対応" shape=poly coords=189,60,690,60,690,118,189,118,189,60

::target=034 title="これは、大脳の運動野と感覚野の場所を示す図である。右半分に、体の左半身の運動を制御する運動野の右半分の断面図がある。左半分に、体の右半身の感覚を検知する感覚野の左半分の断面図がある。" shape=rect coords=50,350,680,900
