#Page 15
#FOLDER=TT-15
#このページのメインのmp3は#FOLDER=で指定したmp3ファイルです。このmp3がページ全体の朗読に使用されます。
#以下の0:で始まる文はこのページのメインのmp3がない場合にTTSで読み上げられます。

0:このページでは、渋川春海の天体図の説明をしています

::target=013 title="カノープス" shape=poly coords=403,250,407,245,411,250,407,254,403,250
::target=014 title="シリウス" shape=poly coords=399,312,403,308,408,312,403,317,399,312
::target=015 title="北極星" shape=poly coords=359,592,359,587,364,583,369,583,374,583,378,587,378,592,378,597,374,601,369,601,364,601,359,597,359,592,369,583,369,601,359,592,378,592,359,592,359,587,364,583,369,583,374,583,378,587,378,592,378,597,374,601,369,601,364,601,359,597,359,592
::target=016 title="彦星" shape=poly coords=297,799,301,793,308,797,304,804,297,799
::target=025 title="天の川銀河の中心部分は、ガスが多いので、目で見ると川の中に島があるように見える" shape=poly coords=372,773,354,776,364,795,385,807,403,822,423,830,450,835,476,847,500,859,527,869,548,873,561,870,548,857,528,843,505,837,489,824,476,822,457,811,440,804,416,794,402,789,383,776,372,773
::target=038 title="すばる" shape=poly coords=242,482,252,472,262,482,252,492,242,482
::target=039 title="アンドロメダ銀河" shape=poly coords=219,646,232,631,245,646,232,662,219,646
::target=040 title="ベガ、日本名は、織姫" shape=poly coords=406,728,410,723,415,728,410,732,406,728
::target=041 title="オリオン座" shape=poly coords=256,340,255,334,258,328,264,327,306,317,312,315,318,319,319,325,338,401,339,406,336,412,330,414,288,424,282,425,276,422,274,416,256,340
::target=042 title="北斗七星" shape=poly coords=418,556,418,552,421,549,425,549,451,549,455,549,458,552,458,556,458,628,458,631,455,634,451,634,425,634,421,634,418,631,418,628,418,556
::target=043 title="白鳥座" shape=poly coords=326,669,330,665,336,665,340,668,378,699,382,703,382,709,379,713,355,742,352,746,346,746,342,743,303,712,299,708,299,702,302,698,326,669
::target=044 title="デネボラ" shape=poly coords=506,536,514,529,521,536,514,544,506,536
::target=045 title="彦星" shape=poly coords=297,802,301,796,308,800,304,806,297,802
::target=046 title="地図、中サイズ、スライドショー" shape=poly coords=119,50,119,45,123,41,128,41,609,41,614,41,619,45,619,50,619,88,619,93,614,97,609,97,128,97,123,97,119,93,119,88,119,50
::target=047 title="下は渋川春海の天体図。星や星座名は西洋式ではない。ここでは西洋式で書く" shape=poly coords=52,131,52,123,59,116,67,116,652,116,660,116,667,123,667,131,667,193,667,201,660,208,652,208,67,208,59,208,52,201,52,193,52,131
::target=011 title="天の川。天の川銀河の中で星が多い銀河円盤の場所" shape=poly coords=539,306,513,306,493,312,476,313,462,319,453,329,432,336,416,345,401,354,387,367,373,374,359,379,349,389,342,401,331,409,323,412,313,421,302,435,293,445,283,458,267,483,256,502,253,510,247,521,245,535,242,548,240,571,240,585,240,600,237,603,239,626,243,650,242,643,247,664,253,685,264,726,275,749,296,793,286,780,297,802,307,817,312,828,323,844,338,857,343,868,383,880,403,887,414,889,445,893,476,897,543,907,569,904,591,883,624,858,633,841,612,834,626,838,577,825,552,814,508,803,469,784,446,775,458,783,438,771,418,759,370,735,348,712,323,687,312,661,303,635,298,613,295,611,309,577,310,564,306,566,309,556,312,545,312,529,327,514,342,498,362,466,382,449,402,432,421,410,439,397,456,385,464,383,475,377,486,372,495,370,505,366,516,362,534,356,546,352,558,351,572,348,585,349,581,343,541,312,539,308,539,306
::target=026 title="公道。一年の間に太陽の位置は天体に対して移動する。その移動する道" shape=poly coords=382,412,330,420,266,442,217,473,178,518,158,559,144,600,138,652,149,726,172,773,211,824,270,868,327,888,400,896,400,877,369,878,324,872,261,843,200,790,164,723,150,657,164,578,196,521,282,454,331,435,380,430,445,436,492,453,534,478,564,506,594,545,613,594,624,651,622,687,602,748,567,798,531,830,484,858,442,869,398,879,401,895,483,875,566,823,620,741,636,659,632,607,606,536,548,471,492,437,445,420,388,414,388,414
::target=010 title="天球の赤道。地球の中心から天体を見たとき、地球の赤道はこの位置に見えると考えられる" shape=poly coords=351,357,260,384,194,435,150,504,132,577,136,641,162,712,230,787,323,830,406,831,524,785,590,712,616,613,602,514,568,449,513,399,450,369,390,359,351,360,352,373,393,371,446,382,489,401,534,435,569,480,596,541,601,591,599,638,582,690,540,748,480,792,408,819,309,811,228,768,174,701,148,633,148,559,176,484,230,426,292,389,353,371,353,371
